BinDash bottom 1000 31 128 64 118.01 0.53 0.9567
BinDash bottom 1000 31 1024 64 121.20 3.78 0.9911
BinDash bottom 1000 31 8192 64 146.87 32.78 0.9946
SimdSketch bottom 1000 31 128 32 3.7847664 0.24336351 0.9651
SimdSketch bottom 1000 31 1024 32 3.8086712 1.9176451 0.9965
SimdSketch bottom 1000 31 8192 32 4.179488 15.498947 0.9993
SimdSketch bottom 1000 31 65536 32 7.062428 123.53417 1.0000
BinDash bucket 1000 31 128 1 124.68 0.27 0.8996
BinDash bucket 1000 31 128 8 124.68 0.25 0.9649
BinDash bucket 1000 31 128 32 124.58 0.24 0.9650
BinDash bucket 1000 31 1024 1 125.16 0.26 0.9864
BinDash bucket 1000 31 1024 8 124.91 0.30 0.9959
BinDash bucket 1000 31 1024 32 125.07 0.35 0.9959
BinDash bucket 1000 31 8192 1 126.40 0.37 0.9978
BinDash bucket 1000 31 8192 8 126.65 0.60 0.9994
BinDash bucket 1000 31 8192 32 127.13 1.74 0.9994
BinDash-rs bucket 1000 31 128 32 146.37083 0.24578631 0.9581
BinDash-rs bucket 1000 31 1024 32 145.78084 0.35327774 0.9929
BinDash-rs bucket 1000 31 8192 32 147.11873 1.9769586 0.9988
SimdSketch bucket 1000 31 128 1 3.7470505 0.004349289 0.9238
SimdSketch bucket 1000 31 128 8 3.8268027 0.009781611 0.9674
SimdSketch bucket 1000 31 128 32 3.8080878 0.010694598 0.9675
SimdSketch bucket 1000 31 1024 1 3.8242054 0.008696725 0.9860
SimdSketch bucket 1000 31 1024 8 3.8207712 0.051460445 0.9944
SimdSketch bucket 1000 31 1024 32 3.8409657 0.07785798 0.9943
SimdSketch bucket 1000 31 8192 1 4.1340055 0.03768954 0.9976
SimdSketch bucket 1000 31 8192 8 4.0700364 0.36048988 0.9994
SimdSketch bucket 1000 31 8192 32 4.161414 0.92198783 0.9994
SimdSketch bucket 1000 31 16384 1 4.416565 0.06706968 0.9990
SimdSketch bucket 1000 31 32768 1 5.1179295 0.13072741 0.9995
